	SAMEA6057664	SAMEA6058073	SAMEA6057551	SAMEA6057482	SAMEA6058104	SAMEA6058303	SAMEA6057749	SAMEA6057857
SAMEA6057664	0	11	10	8	9	19	17	18
SAMEA6058073	11	0	5	3	4	14	12	13
SAMEA6057551	10	5	0	2	3	13	11	12
SAMEA6057482	8	3	2	0	1	11	9	10
SAMEA6058104	9	4	3	1	0	12	10	10
SAMEA6058303	19	14	13	11	12	0	10	11
SAMEA6057749	17	12	11	9	10	10	0	3
SAMEA6057857	18	13	12	10	10	11	3	0
